72797 UIL Quillayute Observations at 12Z 17 Nov 2015

-----------------------------------------------------------------------------
   PRES   HGHT   TEMP   DWPT   RELH   MIXR   DRCT   SKNT   THTA   THTE   THTV
    hPa     m      C      C      %    g/kg    deg   knot     K      K      K 
-----------------------------------------------------------------------------
 1002.0     62   13.2   12.1     93   8.92    235     19  286.2  311.1  287.7
 1000.0     71   13.2   12.8     97   9.37    235     20  286.4  312.5  288.0
  987.0    181   12.4   12.4    100   9.24    230     28  286.6  312.5  288.2
  972.5    305   11.8   11.8    100   9.02    225     37  287.2  312.6  288.8
  937.8    610   10.3   10.3    100   8.48    240     47  288.8  312.8  290.2
  925.0    725    9.8    9.8    100   8.28    245     51  289.3  312.9  290.8
  904.1    914    8.8    8.8    100   7.90    245     53  290.2  312.8  291.5
  871.3   1219    7.1    7.1    100   7.32    250     55  291.5  312.6  292.8
  850.0   1424    6.0    6.0    100   6.94    250     55  292.4  312.6  293.6
  808.9   1829    4.0    4.0    100   6.32    245     51  294.4  313.0  295.5
  798.0   1939    3.4    3.4    100   6.16    245     50  295.0  313.1  296.1
  778.9   2134    1.8    1.8    100   5.62    245     47  295.3  311.9  296.3
  750.0   2438   -0.7   -0.7    100   4.87    245     45  295.8  310.3  296.6
  739.0   2557   -1.7   -1.7    100   4.59    243     45  295.9  309.7  296.8
  728.0   2677   -1.3   -1.3    100   4.80    241     45  297.7  312.1  298.5
  722.0   2743   -1.6   -1.6    100   4.72    240     45  298.1  312.3  298.9
  707.0   2910   -2.3   -2.5     99   4.52    240     46  299.1  312.8  299.9
  700.0   2989   -3.3   -3.8     96   4.14    240     46  298.8  311.4  299.6
  680.0   3218   -5.7   -5.8     99   3.67    245     49  298.6  309.9  299.3
  669.0   3346   -5.7   -6.5     94   3.53    248     50  300.0  310.9  300.6
  649.0   3583   -7.9   -8.3     97   3.17    253     53  300.1  310.0  300.7
  642.8   3658   -8.3   -8.8     96   3.08    255     54  300.5  310.1  301.1
  594.1   4267  -11.7  -12.6     93   2.46    260     55  303.4  311.3  303.9
  588.0   4346  -12.1  -13.1     92   2.38    261     54  303.8  311.5  304.3
  555.0   4787  -14.1  -15.8     87   2.02    269     51  306.5  313.1  306.9
  552.0   4828  -13.1  -14.2     91   2.32    269     50  308.2  315.8  308.6
  548.5   4877  -13.1  -14.4     90   2.30    270     50  308.7  316.3  309.2
  545.0   4926  -13.1  -14.6     88   2.27    270     51  309.3  316.8  309.7
  519.0   5298  -14.5  -16.6     84   2.02    270     60  312.0  318.7  312.3
  500.0   5580  -16.7  -18.2     88   1.83    270     67  312.6  318.8  313.0
  499.0   5595  -16.9  -18.4     88   1.81    270     67  312.6  318.6  312.9
  466.3   6096  -19.5  -21.3     85   1.50    280     78  315.4  320.6  315.7
  447.5   6401  -21.1  -23.1     84   1.34    285     87  317.2  321.9  317.4
  431.0   6679  -22.5  -24.7     82   1.21    283     88  318.8  323.1  319.0
  400.0   7220  -26.5  -29.1     79   0.87    280     90  320.5  323.6  320.6
  378.2   7620  -29.5  -32.1     78   0.69    280     93  321.6  324.2  321.8
  354.0   8092  -33.1  -35.7     77   0.52    282     98  323.0  324.9  323.1
  305.0   9127  -39.7  -42.3     76   0.30    285    110  327.8  328.9  327.8
  304.2   9144  -39.9  -42.5     76   0.30    285    110  327.8  328.9  327.8
  300.0   9240  -40.7  -43.3     76   0.28    285    111  327.9  329.0  327.9
  250.0  10460  -50.9  -53.9     70   0.10    290    119  330.3  330.7  330.3
  241.0  10697  -53.1  -56.0     71   0.08    290    120  330.4  330.8  330.4
  225.0  11135  -56.9  -60.7     62   0.05    290    123  331.2  331.4  331.2
  219.9  11278  -58.0  -62.0     60   0.04    290    124  331.7  331.9  331.7
  200.0  11870  -62.3  -67.2     52   0.02    300    142  333.9  334.1  333.9
  199.4  11887  -62.4  -67.3     52   0.02    300    144  334.1  334.2  334.1
  197.0  11963  -62.7  -67.6     52   0.02    300    144  334.8  334.9  334.8
  196.0  11994  -62.9  -67.8     51   0.02    300    144  335.0  335.1  335.0
  188.0  12250  -64.1  -69.1     50   0.02    300    133  337.0  337.1  337.0
  175.0  12688  -64.9  -71.9     37   0.01    292    127  342.7  342.7  342.7
  171.8  12802  -63.6  -71.4     34   0.01    290    125  346.6  346.7  346.6
  171.0  12830  -63.3  -71.3     33   0.01    290    123  347.6  347.6  347.6
  163.0  13124  -63.3  -73.3     25   0.01    294    107  352.4  352.4  352.4
  157.0  13356  -60.1  -73.1     17   0.01    297     94  361.6  361.7  361.6
  150.0  13640  -61.3  -76.3     12   0.01    300     78  364.3  364.3  364.3
  136.0  14246  -61.3  -77.3     10   0.01    303     61  374.6  374.7  374.6
  129.0  14572  -62.9  -78.9     10   0.01    305     53  377.4  377.5  377.4
  127.8  14630  -62.6  -79.0      9   0.01    305     51  379.1  379.1  379.1
  126.0  14716  -62.1  -79.1      9   0.01    304     48  381.4  381.5  381.4
  121.6  14935  -63.4  -79.7      9   0.01    300     39  383.1  383.1  383.1
  119.0  15067  -64.1  -80.1     10   0.01    296     40  384.0  384.1  384.0
  115.7  15240  -64.3  -80.3     10   0.01    290     42  386.9  386.9  386.9
  115.0  15275  -64.3  -80.3     10   0.01    289     43  387.4  387.5  387.4
  113.0  15383  -63.3  -79.3     10   0.01    285     45  391.2  391.3  391.2
  110.0  15547  -64.1  -80.1     10   0.01    280     49  392.8  392.8  392.8
  110.0  15545  -64.1  -80.1     10   0.01    280     49  392.8  392.8  392.8
  107.0  15716  -63.3  -79.3     10   0.01    281     49  397.4  397.4  397.4
  100.0  16130  -64.1  -81.1      8   0.01    285     48  403.6  403.6  403.6
   91.7  16663  -63.3  -80.3      8   0.01    281     64  415.3  415.4  415.3
   90.2  16764  -62.8  -80.1      8   0.01    280     67  418.3  418.3  418.3
   82.2  17342  -59.9  -78.9      7   0.01    282     68  435.4  435.5  435.4
   75.9  17840  -60.7  -78.7      8   0.01    284     69  443.8  443.9  443.8
   74.4  17966  -59.5  -77.8      8   0.01    285     69  448.8  448.9  448.8
   74.2  17983  -59.4  -77.6      8   0.01    285     69  449.5  449.6  449.5
   70.7  18288  -56.5  -75.4      8   0.02    295     57  461.9  462.0  461.9
   70.0  18350  -55.9  -74.9      8   0.02    295     56  464.4  464.6  464.4
   68.7  18470  -54.9  -74.9      7   0.02    296     55  469.1  469.2  469.1
   61.3  19202  -55.2  -75.2      7   0.02    305     49  483.9  484.1  483.9
   56.4  19729  -55.5  -75.5      7   0.02    305     31  494.9  495.1  494.9
   55.7  19812  -56.0  -75.7      7   0.02    305     28  495.7  495.9  495.7
   50.0  20490  -59.7  -77.7      8   0.02    295     29  502.4  502.5  502.4
   47.6  20796  -61.3  -79.3      8   0.02    289     37  505.7  505.8  505.7
   45.8  21031  -60.2  -78.2      8   0.02    285     43  513.7  513.8  513.7
   45.6  21063  -60.1  -78.1      8   0.02                514.8  515.0  514.8
Station information and sounding indices

                         Station identifier: UIL
                             Station number: 72797
                           Observation time: 151117/1200
                           Station latitude: 47.95
                          Station longitude: -124.55
                          Station elevation: 62.0
                            Showalter index: 4.08
                               Lifted index: 4.09
    LIFT computed using virtual temperature: 4.15
                                SWEAT index: 248.98
                                    K index: 28.20
                         Cross totals index: 22.70
                      Vertical totals index: 22.70
                        Totals totals index: 45.40
      Convective Available Potential Energy: 54.72
             CAPE using virtual temperature: 58.70
                      Convective Inhibition: -4.52
             CINS using virtual temperature: -4.89
                           Equilibrum Level: 580.06
 Equilibrum Level using virtual temperature: 579.24
                   Level of Free Convection: 788.61
             LFCT using virtual temperature: 788.64
                     Bulk Richardson Number: 0.88
          Bulk Richardson Number using CAPV: 0.94
  Temp [K] of the Lifted Condensation Level: 284.91
Pres [hPa] of the Lifted Condensation Level: 971.56
     Mean mixed layer potential temperature: 287.28
              Mean mixed layer mixing ratio: 9.00
              1000 hPa to 500 hPa thickness: 5509.00
Precipitable water [mm] for entire sounding: 28.90
Description of the data columns or sounding indices.

 
Interested in graduate studies in atmospheric science? Check out our program at the University of Wyoming
Questions about the weather data provided by this site can be addressed to Larry Oolman (ldoolman@uwyo.edu)
